Name Nc Ncp ScaledChi SumChi df p B_KM n_codons
HAAXTRSYV.ATSV: 38.6732 32.3716 0.9320 1575.9457 43 0.0000 0.8698 1691
HMAIF.PE1: 40.0709 36.2391 1.3565 271.2917 43 0.0000 0.8128 200
HS0MGP.PE1: 50.7551 51.5408 0.2541 112.0504 43 0.0000 0.3891 441
HS1054RNA.HS1: 56.0925 49.4129 0.4303 106.2895 43 0.0000 0.5114 247
HS105D12.PE2: 51.7220 48.5370 0.3776 106.4813 43 0.0000 0.4662 282
HS1433.PE1: 56.9525 43.2583 0.6062 149.1225 43 0.0000 0.6725 246
HS14KDAPT.PE1: 56.3938 57.2395 0.4184 57.7363 43 0.0659 0.5397 138
HS17BHDEH.PE1: 50.5260 53.9113 0.1837 135.3959 43 0.0000 0.3519 737
HS190.PE1: 56.4544 51.6667 0.2132 309.5338 43 0.0000 0.3787 1452
Totals: 53.3532 47.4676 0.3111 1690.7642 43 0.0000 0.4709 5434
